-116.653776 -117.158623 -117.416992
-117.201736 -116.690536 -169.495198
-117.894937 -117.547413 -171.226140
-117.606618 -116.949251 -154.147917
-119.167348 -119.127886 -85.645174
-119.209201 -119.003496 -162.953252
-119.097133 -119.156126 -118.600422
-119.072708 -119.302700 -118.841538
-119.257327 -119.244093 -60.325483
-119.268917 -119.204466 -201.162406
-119.189869 -119.221834 -123.387191
-135.548549 -119.261324 -172.546163
-53.050608 -52.115585 -50.789688
-54.274537 -53.398509 -123.467291
-55.294359 -52.343884 -82.894224
-53.343877 -53.427247 -54.737926
-47.063275 -48.648915 -122.822789
-47.248695 -47.202486 -74.262817
-46.232908 -45.610071 -46.065402
-42.229325 -46.845461 -50.888388
-39.005576 -37.844991 -32.509062
-39.756640 -43.037400 -41.149805
-42.081316 -40.942000 -43.569688
-38.619701 -35.585062 -41.065132
-30.371757 -32.471653 -74.262817
-31.796770 -31.745505 -74.262817
-30.398221 -30.793966 -35.294930
-29.748846 -28.814438 -28.442430
-24.026810 -23.895571 -22.186749
-24.567220 -24.929357 -27.144103
-28.003177 -26.425710 -26.855216
-25.926637 -25.259383 -26.008432
-18.367546 -20.744452 -75.890507
-20.831339 -20.412411 -81.735848
-22.100161 -18.508620 -26.732284
-19.174321 -19.088717 -11.730238
-12.516062 -13.127539 -81.735848
-11.441942 -11.459653 -15.613846
-126.381359 -13.978431 -20.345670
-13.147858 -14.362692 -6.250895
-2.400000 -2.400000 -1.800000
-2.400000 -2.400000 0.000000
-2.400000 -3.696000 -80.328608
-3.360000 -3.360000 -3.492000
-1.800000 -1.800000 -122.993039
-1.800000 -1.800000 0.000000
-1.800000 -1.800000 -1.200000
-2.520000 -1.800000 -122.993039
-1.200000 -1.200000 0.000000
-1.200000 -1.200000 0.000000
-1.200000 -1.200000 -0.600000
-1.200000 -1.200000 0.000000
-0.600000 -0.600000 0.000000
-0.600000 -0.600000 0.000000
-0.600000 -0.600000 -0.600000
-0.600000 -0.600000 0.000000
-51.644303 -53.481690 -79.049988
-94.942007 -54.259412 -54.219654
-55.502111 -54.695864 -74.262817
-55.714338 -54.941507 -104.328608
-42.190300 -40.879577 -43.286307
-40.777915 -39.093539 -41.375090
-41.292628 -40.562225 -75.890507
-41.687989 -43.034053 -99.890507
-27.558561 -25.616958 -82.935848
-113.181663 -24.766759 -25.612225
-23.022037 -26.493586 -81.735848
-27.036786 -27.557480 -81.735848
-119.999689 -148.503312 -191.086149
-147.186016 -119.582062 -173.018057
-119.579133 -119.820364 -165.357421
-122.615060 -119.999702 -157.443859
-135.638280 -82.122831 -174.589216
-93.889673 -96.548327 -76.821024
-79.623501 -69.741336 -169.259232
-69.729905 -84.896829 -53.112605
-55.016556 -50.099647 -124.002706
-78.412222 -50.091053 -100.420936
-57.717626 -59.312943 -162.889069
-82.154703 -121.409979 -43.694513
-45.322288 -40.371203 -164.783705
-137.918877 -117.492286 -120.065761
-48.591686 -117.368412 -173.311304
-50.889064 -72.419604 -102.777268
-4.728384 -3.492000 73.474870
-3.492000 -4.016880 -3.696000
-109.873407 -5.289034 -81.735848
-5.710320 31.949603 -60.000000
-1.200000 -1.200000 138.577439
-1.200000 0.000000 -81.735848
-1.200000 0.000000 0.000000
-1.200000 0.000000 0.000000
189.888962 0.000000 0.000000
33.261057 0.000000 0.000000
-0.600000 117.949804 0.000000
-0.600000 0.855707 204.821630
